4d11 013c 2f00 4d11 013c 686f 6d65 004d
1101 3c69 6e66 6572 6e6f 004d 1101 3c69
6e66 6572 6e6f 2d6f 7300 4d11 013c 6f73
004d 1101 3c73 3363 3634 3130 004d 1101
3c2e 004d 1101 3c74 2e63 004c 0e10 0100
0000 0110 0001 0110 0001 4c0e 1008 0000
0001 1000 0101 1000 014d 0401 6d61 696e
004f 0e00 0100 0000 0310 0104 0000 0000
0810 0001 0c00 0000 410e 1001 0000 0008
1000 0139 3000 000d 0300 0105 0e03 0400
0000 1410 0001 0301 0000 0d02 0001 410e
1005 0000 0008 1000 0105 0000 000d 0500
0138 0e03 0500 0000 0d05 0001 0d02 0001
410e 1006 0000 0008 1000 0100 0000 000d
0000 014e 0e10 0600 0000 0110 0001 0110
0001 4e0e 1006 0000 0001 1000 0101 1000
0155 0e10 0500 0000 0110 0001 0110 0001
